$ANSIBLE_VAULT;1.1;AES256
65343962656664366664626163376132313264636430356533333465366433356563346166393539
3634333732623237623631646238383533343064373665630a343465366634633136336163653233
39353132326233623933663261636161323530366439353865303961633861393533303335653937
3337323364343835380a326164663261656532336339383864656164633339613665613033396537
32353438313736313239626166303335626438346661313539393661663765376639663838393965
39323233643134663364666136316334336465343262313434366166343731323831366562303366
63393666396339303934333965343538393762343764383931306435353561643536653661323262
31613035323863633834336435613039316565363766326438343833646265626639386430333463
39313738653837373735636438316332306336333237643437346461343438623435336131366564
30333838633036333130613031643336613464313130306662663032333961656635616565313933
32636662383630346330666436336239336332633437356166366230303735626637666465343263
34366533323439376436333863323531333437396333393165663136366265373831313237623633
37333263303765663136343261383431396138613436333431333261393935613830386631656662
30633534666366323336633562626636306630656633616536383132323032616138313865656366
32363830353935376135633361376533323739323865326664336162373937386364366134363163
38336636663433653664656166333163393538646563353136363838653737383364353862656366
66623337323461333163633532653730386239323064626463393134656230616137363734626639
36373838383565306136326466643433666661326361313163383732313133613132353061343334
31623365373031306630306664313632356261323235643131616665626131323135613763313666
30376638343033313835666438396337376336336634323666316635646633363765353836616138
38393265653266333035353963323238376231363039383431356661613233313937333036653234
39633533616531336634623563373731356133653734316434376261363662616237313832376463
37333163396665363932303038663037636634383464343161316162313834633132633332323765
31356562386262346334666436316139616537616664316430663336386535353436366638616138
38326365316664613334366637646664363261323866653530343336366339353436303931663961
34616530666564366636653131313665363235373765396261626562333738316633303864343236
61343030666538343936303937373739366665613064646438313330363632333566393338646131
64356561366263633034653434383531656366376431386132396662623030376335383839303837
35653461386135396163313035306461613639336332343364643837653362353431313261666232
65383064616131346634336666656537633364313439336265326538363533316461343061343362
66656339313766373131653838613031663836616439393232353930353134353962346239633363
36383039326533623066
