$ANSIBLE_VAULT;1.1;AES256
30363762643164336139306362333466346664356633656533343338303265343338653039333939
3836623364636633626230323264393964373866343739630a386631326536643135613935393734
33356534343365323736313864663862653430363963336237396439313066633332393734303463
3233643564623137630a316536393732663132393637306166326235616165656134323439633739
63613536343165613834336232363930613437386466386465333036616139303337303230336263
61343131363865306164636538626563383236316632313061336466383133326134346537646163
65323136626436643431633531633036616362643633316665303265376334653339356263336335
66343632363033373035313465336338386438306135303938373462656137636533353837343732
33653433633233323930306539633537383562313366316433653762396463343063626534633165
35373435303363306130393465303431346338613966376266353936393463363663336566613137
35346631373333383833613137613234323332346536316237386161666264383837636537323966
63353035656462616439346539663662306533383034616332313564396238386232613163616461
63626130343039613136343130356630386261313931313834636137623039383836306138383065
3762633231656464373034346332613231373164623336613530
